77 234
81 262
86 289
91 315
100 341
106 369
111 388
122 411
139 432
152 450
171 468
193 482
210 489
236 493
268 490
296 485
321 474
335 459
347 442
359 418
370 396
381 367
385 339
394 325
403 304
409 270
413 238
414 217
408 200
397 179
397 150
398 129
398 106
388 83
374 62
356 38
341 25
333 15
162 5
125 24
108 47
101 67
90 93
87 118
75 151
82 183
79 205
192 189
214 261
250 266
292 152
230 157
223 225
247 292
274 337
258 368
205 332
186 303
301 269
308 202
281 147
255 139
253 231
282 270
279 311
225 318
195 272
185 233
