132 520
162 647
209 757
274 862
352 940
490 980
601 947
658 893
710 825
744 726
764 556
799 451
787 326
753 218
693 125
621 66
520 21
406 18
302 44
195 112
128 226
98 362
269 462
364 420
389 395
396 358
393 346
393 346
393 346
408 384
423 447
424 457
428 454
428 454
428 454
428 454
428 454
428 454
428 454
428 454
428 454
428 454
428 454
428 474
428 474
428 478
428 478
428 478
428 478
428 478
428 478
428 478
428 478
428 478
431 475
433 474
433 474
434 472
434 472
435 471
435 471
435 471
435 471
435 471
435 471
435 471
435 471
435 471
