109 246
114 276
122 306
131 343
141 380
153 415
177 454
209 482
250 496
285 485
310 472
332 450
354 419
373 388
384 343
384 297
387 248
132 227
152 215
173 211
193 213
213 221
279 220
299 215
318 214
337 216
360 225
256 222
258 251
260 283
262 317
217 324
233 333
261 339
278 329
293 320
156 246
173 233
193 231
211 240
197 246
176 247
285 238
299 230
320 233
345 243
326 244
305 243
178 367
210 355
232 357
256 360
277 359
298 362
320 366
301 381
288 394
271 407
246 409
214 400
194 369
226 370
252 372
271 369
302 369
273 385
256 387
224 386
